%%MatrixMarket matrix coordinate real general
%
500 500 1992
1 2 2.1457e-01
1 3 3.1379e-01
1 4 1.6148e-01
1 6 9.2565e-02
1 9 9.0079e-02
1 12 4.6931e-01
1 15 2.3643e-01
1 19 2.6132e-01
1 20 1.3668e-01
1 21 2.8743e-01
1 22 4.4709e-01
1 23 2.2061e-01
1 25 3.9020e-01
1 30 5.7944e-01
1 32 1.9207e-01
1 33 4.1597e-02
1 39 2.1921e-01
1 46 2.1555e-01
1 47 4.2060e-01
1 52 3.2660e-01
1 54 1.3253e-01
1 57 2.5659e-01
1 65 2.1501e-01
1 66 1.1647e-01
1 72 4.5633e-01
1 77 2.5213e-01
1 83 3.5506e-01
1 86 3.9116e-01
1 87 2.8531e-01
1 90 3.1012e-01
1 112 4.4794e-01
1 117 4.7904e-01
1 141 2.1195e-01
1 153 3.5950e-01
1 154 2.6129e-01
1 164 3.7928e-01
1 169 4.7002e-01
1 179 2.6432e-01
1 181 2.9145e-01
1 190 3.2347e-01
1 193 2.4870e-01
1 194 7.3232e-02
1 195 3.9219e-01
1 198 3.4345e-01
1 201 1.4282e-01
1 211 3.1903e-01
1 215 3.7113e-01
1 223 5.2794e-01
1 233 3.2195e-01
1 258 1.0160e-01
1 259 3.1881e-01
1 266 4.3528e-01
1 272 2.2151e-01
1 277 1.1626e-01
1 312 2.9730e-01
1 331 3.1070e-01
1 334 3.7676e-01
1 349 1.1343e-01
1 352 9.0908e-02
1 378 1.1344e-01
1 385 1.4583e-01
1 386 3.7676e-01
1 398 3.8640e-01
1 402 4.8409e-01
1 408 3.1684e-01
1 424 4.0641e-01
1 434 3.1841e-01
1 442 7.7435e-02
1 478 2.2602e-01
1 495 3.7460e-01
2 1 2.1457e-01
2 5 1.4020e-01
2 17 1.0261e-01
2 25 8.4636e-02
2 29 3.5702e-01
2 183 5.6065e-01
2 474 3.8673e-01
3 1 3.1379e-01
3 4 4.5661e-01
3 5 3.9101e-01
3 7 6.7734e-02
3 8 5.0257e-01
3 9 1.8553e-01
3 43 2.0476e-01
3 46 4.3581e-01
3 53 3.7956e-01
3 63 2.4928e-01
3 67 2.1511e-01
3 84 2.6075e-01
3 86 2.9400e-01
3 109 3.2291e-01
3 118 6.0270e-01
3 126 4.0825e-01
3 159 4.6135e-01
3 215 3.0060e-01
3 222 3.9753e-01
3 280 2.5871e-02
3 422 4.7786e-01
3 426 3.8216e-01
3 440 9.3078e-02
3 459 4.1038e-01
4 1 1.6148e-01
4 3 4.5661e-01
4 280 4.4864e-01
4 294 2.7308e-01
4 396 3.8354e-01
4 468 1.1528e-01
5 2 1.4020e-01
5 3 3.9101e-01
5 6 2.5736e-01
5 7 4.1927e-01
5 10 2.6274e-01
5 11 4.7803e-01
5 23 3.2659e-01
5 38 3.9271e-01
5 48 3.3728e-01
5 59 3.4155e-01
5 89 2.2427e-01
5 102 1.7751e-01
5 103 2.5615e-01
5 116 3.7241e-01
5 172 1.6887e-01
5 194 2.0169e-01
5 234 2.6133e-01
5 291 1.8860e-01
5 306 2.3307e-01
5 333 2.8556e-01
5 414 3.0417e-01
5 471 1.9020e-01
6 1 9.2565e-02
6 5 2.5736e-01
6 8 3.5427e-01
6 10 4.5432e-01
6 14 1.9964e-01
6 18 4.9104e-01
6 21 1.7378e-01
6 24 1.9571e-01
6 51 2.5734e-01
6 54 3.3407e-01
6 55 3.0251e-01
6 57 2.8225e-01
6 88 2.9153e-01
6 97 2.3818e-01
6 125 4.2434e-01
6 127 1.3641e-01
6 132 2.4795e-01
6 140 2.3060e-01
6 144 1.6403e-01
6 149 3.3830e-01
6 158 4.4136e-01
6 163 4.5947e-01
6 186 6.1033e-02
6 189 3.1433e-01
6 200 2.0403e-01
6 222 3.3461e-01
6 232 2.8444e-01
6 296 2.5206e-01
6 304 5.2520e-01
6 314 1.6226e-01
6 334 1.7172e-01
6 388 2.8004e-01
6 400 2.8043e-01
6 417 1.8821e-01
6 439 5.5000e-01
6 446 4.0870e-01
6 469 2.9536e-01
6 482 2.3107e-01
7 3 6.7734e-02
7 5 4.1927e-01
7 16 5.5396e-01
7 28 4.9789e-01
7 42 3.7266e-01
7 51 5.1045e-01
7 56 1.8931e-01
7 76 2.4332e-01
7 136 4.9249e-01
7 270 2.3539e-01
7 274 4.6506e-01
7 281 7.0618e-02
7 450 2.4530e-01
7 457 3.2406e-01
7 476 2.1932e-01
7 482 4.4098e-01
8 3 5.0257e-01
8 6 3.5427e-01
8 12 1.7632e-01
8 16 2.9683e-01
8 26 2.7661e-01
8 27 5.2588e-01
8 33 3.2556e-01
8 34 4.3220e-02
8 44 2.9943e-01
8 47 2.8416e-01
8 50 3.2723e-01
8 60 2.7331e-01
8 62 2.2449e-01
8 74 4.7146e-01
8 75 3.3911e-01
8 100 3.4714e-01
8 124 2.8901e-01
8 147 9.8104e-02
8 162 3.2089e-01
8 178 1.8255e-01
8 187 2.8114e-01
8 216 3.6409e-01
8 249 1.1717e-01
8 251 5.4030e-01
8 255 5.0720e-01
8 268 2.8417e-01
8 289 2.4659e-01
8 299 2.3531e-01
8 374 2.5114e-01
8 389 2.1786e-01
8 393 3.0466e-01
8 434 1.9403e-01
8 456 2.1750e-01
8 465 4.7468e-01
8 489 3.0724e-01
8 490 4.4868e-01
9 1 9.0079e-02
9 3 1.8553e-01
9 15 2.7836e-01
9 44 2.9930e-01
9 50 3.1115e-01
9 66 4.0318e-01
9 70 3.4564e-01
9 72 2.5451e-01
9 122 6.7627e-01
9 177 3.0227e-01
9 219 3.3991e-01
9 301 1.1907e-01
9 302 2.3090e-02
9 360 6.8508e-02
9 394 4.3272e-01
10 5 2.6274e-01
10 6 4.5432e-01
10 11 9.8650e-02
10 17 4.3055e-01
10 20 3.5918e-01
10 24 4.7788e-01
10 27 9.1424e-02
10 34 3.9506e-01
10 39 5.5250e-01
10 49 2.1819e-01
10 52 4.5695e-01
10 60 3.9589e-01
10 62 1.0202e-01
10 69 3.1053e-01
10 79 2.0603e-01
10 80 1.5383e-01
10 93 5.5616e-01
10 114 1.1113e-01
10 129 3.6923e-01
10 150 5.6184e-01
10 156 3.7922e-01
10 167 2.3730e-01
10 175 9.4126e-02
10 182 3.4975e-01
10 240 2.9300e-01
10 287 2.8461e-01
10 365 2.6264e-01
10 377 3.1105e-01
10 411 3.8652e-01
10 454 6.0219e-01
11 5 4.7803e-01
11 10 9.8650e-02
11 13 3.1720e-01
11 18 2.6652e-01
11 37 5.7580e-01
11 38 4.5015e-01
11 59 3.2720e-01
11 101 4.0672e-01
11 132 4.7121e-01
11 165 3.2114e-01
11 315 2.2458e-01
11 325 3.8738e-01
11 341 4.1830e-01
11 370 2.8425e-01
11 429 5.8670e-01
12 1 4.6931e-01
12 8 1.7632e-01
12 13 1.5922e-01
12 36 5.6633e-01
12 45 4.6359e-02
12 102 3.6485e-01
12 130 1.2891e-01
12 148 5.6828e-02
12 158 3.1358e-01
12 180 3.7044e-01
12 231 3.6508e-01
12 261 3.8085e-01
12 279 4.9111e-01
13 11 3.1720e-01
13 12 1.5922e-01
13 14 1.5116e-01
13 19 1.7511e-01
13 28 4.2531e-01
13 31 5.5608e-02
13 35 4.8258e-01
13 41 5.2988e-01
13 55 2.6228e-01
13 56 4.7588e-01
13 92 5.4362e-01
13 96 3.6413e-01
13 113 3.2281e-01
13 137 2.8619e-01
13 141 2.2733e-01
13 144 2.9566e-01
13 177 1.9446e-01
13 273 3.1594e-01
13 320 3.5148e-01
13 329 3.6235e-01
14 6 1.9964e-01
14 13 1.5116e-01
14 142 4.9773e-01
14 246 4.4348e-01
14 282 3.1486e-01
14 305 1.9482e-01
14 342 3.7333e-01
14 489 2.5391e-01
15 1 2.3643e-01
15 9 2.7836e-01
15 26 3.2903e-01
15 30 6.2475e-01
15 114 3.6821e-01
15 228 2.0106e-01
16 7 5.5396e-01
16 8 2.9683e-01
16 118 4.2195e-01
16 127 9.3982e-02
16 171 3.8587e-01
16 205 3.0204e-01
16 225 1.6025e-01
16 284 2.9226e-01
16 292 5.1311e-01
16 403 2.4601e-01
17 2 1.0261e-01
17 10 4.3055e-01
17 43 7.0592e-02
17 100 2.0943e-01
17 185 2.8668e-01
17 255 4.1731e-01
18 6 4.9104e-01
18 11 2.6652e-01
18 22 1.4928e-01
18 61 5.2072e-01
18 67 4.2087e-01
18 71 3.9818e-02
18 92 2.9731e-01
18 105 1.2548e-01
18 146 3.9224e-01
18 151 2.2887e-01
18 168 2.0618e-01
18 190 1.3887e-01
18 214 2.8274e-01
18 246 2.2722e-01
18 271 3.1781e-01
18 310 2.2722e-01
18 323 5.0343e-01
18 350 2.5887e-01
18 378 2.8943e-01
18 392 3.2510e-01
18 420 3.5314e-01
18 460 2.4342e-01
18 470 2.6626e-01
18 481 2.9644e-01
19 1 2.6132e-01
19 13 1.7511e-01
19 84 4.3131e-01
19 98 2.1392e-01
19 105 1.1605e-01
19 128 3.2592e-01
19 149 3.9810e-01
19 164 3.2901e-01
19 271 2.5406e-01
20 1 1.3668e-01
20 10 3.5918e-01
20 31 4.9248e-01
20 311 1.9549e-01
20 330 4.3538e-01
21 1 2.8743e-01
21 6 1.7378e-01
21 45 3.1673e-01
21 90 4.6172e-02
21 240 1.9528e-01
21 250 2.7504e-01
21 276 5.3527e-01
21 353 3.4174e-01
22 1 4.4709e-01
22 18 1.4928e-01
22 103 4.4136e-01
22 267 2.0191e-01
22 278 6.5968e-01
22 409 3.3007e-01
23 1 2.2061e-01
23 5 3.2659e-01
23 77 4.1356e-01
23 120 2.9609e-01
23 170 4.7218e-01
23 195 2.9952e-01
23 250 1.0074e-01
24 6 1.9571e-01
24 10 4.7788e-01
24 85 2.8004e-01
24 107 3.3164e-01
24 110 4.6539e-01
24 133 3.1568e-01
24 335 8.2609e-02
25 1 3.9020e-01
25 2 8.4636e-02
25 29 2.7208e-01
25 32 4.5648e-01
25 42 3.9074e-01
25 64 6.5548e-01
25 69 1.1382e-01
25 107 6.2219e-01
25 129 2.9358e-01
25 150 1.8839e-01
25 187 3.1849e-01
25 198 5.4513e-02
25 212 2.9015e-01
25 226 5.5994e-01
25 286 8.8626e-02
25 327 1.8917e-01
25 401 3.2887e-01
26 8 2.7661e-01
26 15 3.2903e-01
26 93 1.9317e-01
26 98 4.6595e-01
26 104 2.5834e-01
26 145 2.5413e-01
26 245 2.3383e-01
26 357 2.0018e-01
26 421 3.8300e-01
26 422 3.2542e-01
27 8 5.2588e-01
27 10 9.1424e-02
27 108 3.5649e-01
27 227 2.4456e-01
27 338 1.5489e-02
27 461 5.5797e-01
28 7 4.9789e-01
28 13 4.2531e-01
28 73 3.8050e-01
28 85 3.3860e-01
28 94 2.1794e-01
28 157 5.7708e-01
28 184 2.5001e-01
29 2 3.5702e-01
29 25 2.7208e-01
29 35 3.4437e-01
29 95 1.9796e-01
29 99 1.5427e-01
29 182 3.8021e-01
29 203 2.8339e-01
29 224 3.8788e-02
29 260 3.0278e-01
30 1 5.7944e-01
30 15 6.2475e-01
30 53 1.1534e-01
30 74 4.3196e-01
30 121 2.2268e-01
30 210 3.2619e-01
30 371 5.4862e-01
30 375 3.3670e-01
30 397 2.9256e-01
30 461 6.0006e-01
31 13 5.5608e-02
31 20 4.9248e-01
31 36 3.4390e-01
32 1 1.9207e-01
32 25 4.5648e-01
33 1 4.1597e-02
33 8 3.2556e-01
33 76 3.5729e-01
34 8 4.3220e-02
34 10 3.9506e-01
34 58 3.8999e-01
34 115 1.6216e-01
34 226 4.8857e-01
34 267 2.1614e-01
34 307 1.9840e-01
34 452 5.0466e-01
34 496 1.0648e-01
35 13 4.8258e-01
35 29 3.4437e-01
35 40 1.8095e-01
35 106 4.5370e-01
35 167 5.4158e-01
35 183 3.2863e-01
35 207 6.5550e-01
35 295 3.6828e-01
35 299 1.3114e-01
35 361 3.1943e-01
35 418 2.4764e-01
35 483 3.3204e-01
36 12 5.6633e-01
36 31 3.4390e-01
36 37 4.0665e-01
36 89 1.3568e-01
36 135 2.1258e-01
36 293 4.2881e-01
36 328 4.3754e-01
36 372 3.3399e-01
36 383 4.0170e-01
36 498 2.8641e-01
37 11 5.7580e-01
37 36 4.0665e-01
37 41 4.3349e-01
37 71 3.1321e-01
37 136 3.6605e-01
37 161 4.8370e-01
37 269 2.7878e-01
37 341 3.9310e-01
37 376 4.2878e-01
37 438 3.3746e-01
37 454 1.8900e-01
37 494 3.6511e-01
38 5 3.9271e-01
38 11 4.5015e-01
38 155 5.0690e-01
38 160 2.9225e-01
38 169 4.1205e-03
38 172 4.2968e-01
38 277 2.1511e-01
38 303 4.4072e-01
38 358 4.2064e-01
38 415 4.7505e-01
39 1 2.1921e-01
39 10 5.5250e-01
39 40 3.9428e-01
39 120 1.3865e-01
40 35 1.8095e-01
40 39 3.9428e-01
40 125 4.7378e-01
40 241 4.2973e-01
41 13 5.2988e-01
41 37 4.3349e-01
41 73 2.3310e-01
41 80 2.0013e-01
41 112 2.5304e-01
42 7 3.7266e-01
42 25 3.9074e-01
42 65 1.1107e-01
42 253 5.4520e-01
42 388 1.3101e-01
43 3 2.0476e-01
43 17 7.0592e-02
43 49 1.7952e-01
43 152 3.1316e-01
43 159 3.6620e-01
43 163 2.9591e-01
43 305 1.0034e-01
43 344 2.4844e-01
43 402 1.2527e-01
43 411 3.0298e-01
43 462 2.0307e-01
44 8 2.9943e-01
44 9 2.9930e-01
44 78 3.5079e-01
44 82 3.7580e-01
44 137 9.2538e-02
44 204 4.0080e-01
44 427 3.9325e-01
45 12 4.6359e-02
45 21 3.1673e-01
45 48 4.7975e-01
45 83 2.5586e-01
45 210 3.4635e-01
45 242 5.2023e-01
45 248 4.1197e-01
45 339 4.2620e-01
45 387 3.5671e-01
45 430 1.9292e-01
45 432 3.6551e-01
46 1 2.1555e-01
46 3 4.3581e-01
46 237 5.9245e-01
46 290 4.3053e-01
46 293 3.3357e-01
46 441 8.7681e-02
47 1 4.2060e-01
47 8 2.8416e-01
47 68 4.0792e-01
47 458 4.9038e-01
48 5 3.3728e-01
48 45 4.7975e-01
49 10 2.1819e-01
49 43 1.7952e-01
49 61 4.3429e-01
49 68 2.2312e-01
49 91 2.0060e-01
49 121 2.3505e-01
49 133 4.4015e-01
49 188 4.5384e-01
49 211 1.2563e-01
49 264 3.2444e-01
50 8 3.2723e-01
50 9 3.1115e-01
50 64 3.1897e-01
50 75 5.2079e-01
50 96 4.4924e-01
50 106 4.1533e-01
50 139 3.7741e-01
50 147 1.3769e-01
50 162 3.6813e-02
50 494 3.1962e-01
51 6 2.5734e-01
51 7 5.1045e-01
51 87 1.0252e-01
51 135 9.8243e-02
51 145 6.5301e-01
51 178 3.8427e-01
52 1 3.2660e-01
52 10 4.5695e-01
52 111 3.0004e-01
52 140 4.4591e-01
52 157 4.1484e-01
52 161 2.7092e-01
52 174 1.4390e-01
52 197 1.3850e-01
52 325 2.6902e-01
52 474 4.2720e-01
52 497 4.4329e-01
53 3 3.7956e-01
53 30 1.1534e-01
54 1 1.3253e-01
54 6 3.3407e-01
54 58 6.3740e-01
54 63 5.3757e-01
54 296 7.0591e-02
54 347 2.7985e-01
54 401 3.9598e-01
55 6 3.0251e-01
55 13 2.6228e-01
55 166 4.0323e-01
56 7 1.8931e-01
56 13 4.7588e-01
56 205 4.9114e-01
56 227 3.7356e-01
56 234 3.0385e-01
56 297 3.0690e-01
56 320 4.8112e-02
56 416 2.7632e-01
56 446 4.0870e-01
56 466 3.3154e-01
57 1 2.5659e-01
57 6 2.8225e-01
57 78 2.5089e-01
57 81 6.2961e-01
57 91 5.1878e-01
57 468 1.4856e-01
58 34 3.8999e-01
58 54 6.3740e-01
58 473 2.8600e-01
59 5 3.4155e-01
59 11 3.2720e-01
59 70 3.7628e-01
59 204 2.5681e-01
59 245 1.3534e-01
59 253 4.2880e-01
59 340 2.3653e-01
59 499 1.0505e-01
60 8 2.7331e-01
60 10 3.9589e-01
60 130 2.6278e-01
60 329 2.5357e-01
61 18 5.2072e-01
61 49 4.3429e-01
61 94 2.3080e-01
61 119 5.5741e-01
61 219 5.1807e-01
61 243 4.4191e-01
61 276 1.2952e-01
61 372 3.3400e-01
61 413 4.9208e-01
61 417 2.6576e-01
61 493 3.2477e-01
62 8 2.2449e-01
62 10 1.0202e-01
62 97 2.9505e-01
62 208 9.5605e-02
62 213 1.8165e-01
62 241 3.6229e-01
62 260 2.5699e-01
62 269 5.0322e-01
62 356 2.5548e-01
62 465 2.4174e-01
63 3 2.4928e-01
63 54 5.3757e-01
63 111 1.4653e-01
63 206 4.8896e-01
63 275 3.3346e-01
63 302 5.4266e-01
63 339 3.8825e-01
63 443 2.9955e-01
63 451 3.5768e-01
63 487 1.7496e-01
63 497 6.2425e-01
64 25 6.5548e-01
64 50 3.1897e-01
64 122 1.9602e-01
64 301 1.0850e-01
64 308 1.2476e-01
64 447 4.5656e-01
65 1 2.1501e-01
65 42 1.1107e-01
65 166 2.3930e-01
65 189 4.0973e-01
65 326 2.0898e-01
65 395 4.7325e-01
66 1 1.1647e-01
66 9 4.0318e-01
66 109 5.2790e-01
66 174 7.8071e-02
66 199 3.1838e-01
66 202 3.9152e-01
66 231 1.4171e-01
66 261 2.3456e-01
66 337 1.7269e-01
66 466 3.9237e-01
67 3 2.1511e-01
67 18 4.2087e-01
67 108 3.2477e-01
67 256 2.6100e-01
67 365 3.1747e-01
68 47 4.0792e-01
68 49 2.2312e-01
68 128 5.1588e-01
68 188 4.8363e-01
69 10 3.1053e-01
69 25 1.1382e-01
69 117 5.5284e-01
69 229 5.7357e-01
69 308 2.9211e-01
69 352 3.9041e-01
69 362 8.9349e-02
69 485 4.1562e-01
70 9 3.4564e-01
70 59 3.7628e-01
70 131 3.1152e-01
71 18 3.9818e-02
71 37 3.1321e-01
71 124 1.0188e-01
71 196 3.2755e-01
71 208 2.2267e-01
71 265 2.5646e-01
71 399 2.5609e-01
71 444 3.1159e-01
72 1 4.5633e-01
72 9 2.5451e-01
72 300 1.7406e-01
73 28 3.8050e-01
73 41 2.3310e-01
73 212 3.1142e-01
73 313 5.4397e-01
74 8 4.7146e-01
74 30 4.3196e-01
74 82 2.5989e-01
74 134 1.4763e-01
74 179 1.6773e-01
74 217 4.7924e-01
75 8 3.3911e-01
75 50 5.2079e-01
75 382 3.3066e-01
76 7 2.4332e-01
76 33 3.5729e-01
76 170 2.4733e-01
77 1 2.5213e-01
77 23 4.1356e-01
77 270 3.6812e-01
78 44 3.5079e-01
78 57 2.5089e-01
78 79 4.3378e-01
78 81 5.2107e-01
78 126 2.4381e-01
78 153 3.0336e-01
78 184 6.9003e-01
78 199 1.7834e-01
78 247 1.9577e-01
78 265 1.7527e-01
78 356 5.1715e-01
78 390 8.7090e-02
78 441 5.7438e-01
78 473 3.3019e-01
78 475 1.9183e-01
79 10 2.0603e-01
79 78 4.3378e-01
80 10 1.5383e-01
80 41 2.0013e-01
80 88 3.2243e-01
81 57 6.2961e-01
81 78 5.2107e-01
81 95 4.9611e-01
81 101 3.7730e-01
81 148 3.0707e-01
81 191 2.7282e-01
81 207 4.6739e-01
81 350 1.5280e-01
81 386 4.1821e-01
82 44 3.7580e-01
82 74 2.5989e-01
82 248 2.3988e-01
83 1 3.5506e-01
83 45 2.5586e-01
83 175 4.2672e-01
84 3 2.6075e-01
84 19 4.3131e-01
84 138 4.7265e-01
84 247 3.1599e-01
84 318 4.6930e-01
84 406 5.1845e-01
85 24 2.8004e-01
85 28 3.3860e-01
85 99 4.4020e-01
85 110 3.1834e-01
85 154 4.9882e-01
86 1 3.9116e-01
86 3 2.9400e-01
86 119 3.9938e-01
86 435 4.0347e-01
87 1 2.8531e-01
87 51 1.0252e-01
87 236 3.1576e-01
87 275 4.3690e-01
87 290 8.1094e-03
87 380 3.2838e-01
87 477 3.5764e-01
88 6 2.9153e-01
88 80 3.2243e-01
88 186 3.8558e-01
88 223 1.8714e-01
88 235 3.0017e-01
88 238 1.1623e-01
88 306 1.3028e-01
89 5 2.2427e-01
89 36 1.3568e-01
89 364 5.1038e-01
90 1 3.1012e-01
90 21 4.6172e-02
90 115 2.7621e-01
90 264 2.8052e-01
90 472 3.4193e-01
91 49 2.0060e-01
91 57 5.1878e-01
91 444 2.5773e-01
91 500 4.4580e-01
92 13 5.4362e-01
92 18 2.9731e-01
92 216 2.5650e-01
93 10 5.5616e-01
93 26 1.9317e-01
93 113 4.0225e-01
93 268 5.6149e-01
93 358 4.9207e-01
93 359 4.4549e-01
93 405 6.3610e-01
94 28 2.1794e-01
94 61 2.3080e-01
94 143 1.0608e-01
95 29 1.9796e-01
95 81 4.9611e-01
95 200 2.4664e-01
95 463 1.1317e-01
96 13 3.6413e-01
96 50 4.4924e-01
97 6 2.3818e-01
97 62 2.9505e-01
97 116 2.4903e-01
97 142 4.9017e-01
97 354 4.5218e-01
97 373 2.7401e-01
98 19 2.1392e-01
98 26 4.6595e-01
98 104 2.3814e-01
99 29 1.5427e-01
99 85 4.4020e-01
99 332 2.8633e-01
99 346 3.7940e-01
99 423 4.0376e-01
100 8 3.4714e-01
100 17 2.0943e-01
100 152 5.3360e-01
100 192 3.7892e-01
100 362 1.4701e-01
100 424 2.9902e-01
100 428 4.2514e-02
101 11 4.0672e-01
101 81 3.7730e-01
101 139 1.4640e-01
102 5 1.7751e-01
102 12 3.6485e-01
103 5 2.5615e-01
103 22 4.4136e-01
103 176 2.7527e-01
103 181 2.3611e-01
103 203 5.7050e-02
103 391 2.6790e-01
103 399 3.4158e-01
103 428 1.7257e-01
103 440 2.5688e-01
104 26 2.5834e-01
104 98 2.3814e-01
104 229 9.0297e-02
105 18 1.2548e-01
105 19 1.1605e-01
105 131 2.1972e-01
105 380 3.4789e-01
105 387 3.3585e-01
106 35 4.5370e-01
106 50 4.1533e-01
107 24 3.3164e-01
107 25 6.2219e-01
107 193 5.5054e-01
107 230 2.9146e-01
107 262 1.9155e-01
107 263 4.1493e-01
107 439 3.2270e-01
108 27 3.5649e-01
108 67 3.2477e-01
108 355 1.6341e-01
109 3 3.2291e-01
109 66 5.2790e-01
110 24 4.6539e-01
110 85 3.1834e-01
110 448 2.6266e-01
111 52 3.0004e-01
111 63 1.4653e-01
112 1 4.4794e-01
112 41 2.5304e-01
112 196 3.9827e-01
113 13 3.2281e-01
113 93 4.0225e-01
113 259 2.2102e-01
113 363 1.7551e-01
114 10 1.1113e-01
114 15 3.6821e-01
114 123 2.3546e-01
114 307 3.2317e-01
114 373 2.2356e-01
115 34 1.6216e-01
115 90 2.7621e-01
115 173 2.5799e-01
115 328 2.5074e-01
116 5 3.7241e-01
116 97 2.4903e-01
117 1 4.7904e-01
117 69 5.5284e-01
117 239 1.7000e-01
117 258 1.9377e-01
118 3 6.0270e-01
118 16 4.2195e-01
118 423 4.3691e-01
119 61 5.5741e-01
119 86 3.9938e-01
119 336 4.6166e-01
119 361 2.7040e-01
120 23 2.9609e-01
120 39 1.3865e-01
120 479 4.8350e-01
121 30 2.2268e-01
121 49 2.3505e-01
122 9 6.7627e-01
122 64 1.9602e-01
122 123 5.1193e-01
122 143 6.0132e-01
122 160 3.4672e-01
123 114 2.3546e-01
123 122 5.1193e-01
124 8 2.8901e-01
124 71 1.0188e-01
125 6 4.2434e-01
125 40 4.7378e-01
125 171 5.4524e-01
125 410 1.1095e-01
125 429 1.3587e-01
125 484 2.2290e-01
125 486 2.1750e-02
126 3 4.0825e-01
126 78 2.4381e-01
126 134 4.0500e-01
126 138 3.3477e-01
126 151 3.9106e-01
126 319 1.6768e-01
126 346 2.9063e-01
127 6 1.3641e-01
127 16 9.3982e-02
127 197 6.2640e-02
127 221 3.1333e-01
128 19 3.2592e-01
128 68 5.1588e-01
129 10 3.6923e-01
129 25 2.9358e-01
129 156 4.0999e-01
129 191 1.2636e-01
129 343 2.5372e-02
129 437 3.6259e-01
130 12 1.2891e-01
130 60 2.6278e-01
130 217 3.5517e-01
131 70 3.1152e-01
131 105 2.1972e-01
132 6 2.4795e-01
132 11 4.7121e-01
132 180 2.7117e-01
132 209 1.5885e-01
132 228 5.3213e-01
132 300 3.1218e-01
132 467 3.6536e-01
132 487 1.8183e-01
133 24 3.1568e-01
133 49 4.4015e-01
134 74 1.4763e-01
134 126 4.0500e-01
134 165 4.1258e-01
134 173 4.9013e-01
134 202 3.5340e-01
135 36 2.1258e-01
135 51 9.8243e-02
135 155 1.6455e-01
135 396 4.6680e-01
136 7 4.9249e-01
136 37 3.6605e-01
136 224 8.0608e-02
136 282 3.5410e-01
137 13 2.8619e-01
137 44 9.2538e-02
137 176 3.8021e-01
137 257 5.9346e-01
137 318 3.0216e-01
137 337 2.2220e-01
137 384 4.3365e-01
137 392 1.1205e-01
137 433 1.3991e-01
138 84 4.7265e-01
138 126 3.3477e-01
138 232 2.1213e-01
138 262 8.7474e-02
138 288 2.9812e-01
138 294 3.8548e-01
138 310 2.7625e-01
138 331 1.7279e-01
139 50 3.7741e-01
139 101 1.4640e-01
140 6 2.3060e-01
140 52 4.4591e-01
140 146 2.3946e-01
140 382 2.1671e-01
140 383 4.2843e-01
141 1 2.1195e-01
141 13 2.2733e-01
142 14 4.9773e-01
142 97 4.9017e-01
142 407 3.8150e-01
143 94 1.0608e-01
143 122 6.0132e-01
144 6 1.6403e-01
144 13 2.9566e-01
144 168 1.8210e-01
145 26 2.5413e-01
145 51 6.5301e-01
145 209 2.8115e-01
145 406 2.3925e-01
145 469 1.1144e-01
146 18 3.9224e-01
146 140 2.3946e-01
146 218 3.4376e-01
146 266 1.1646e-01
146 367 2.4258e-01
146 477 3.6819e-01
147 8 9.8104e-02
147 50 1.3769e-01
148 12 5.6828e-02
148 81 3.0707e-01
148 242 1.5217e-01
149 6 3.3830e-01
149 19 3.9810e-01
150 10 5.6184e-01
150 25 1.8839e-01
150 206 3.4195e-01
150 311 9.3124e-02
150 481 4.9855e-01
151 18 2.2887e-01
151 126 3.9106e-01
151 214 1.9053e-01
151 273 1.8442e-01
151 418 4.9369e-01
151 443 1.0901e-01
152 43 3.1316e-01
152 100 5.3360e-01
153 1 3.5950e-01
153 78 3.0336e-01
154 1 2.6129e-01
154 85 4.9882e-01
154 281 2.6438e-01
154 395 2.9458e-01
155 38 5.0690e-01
155 135 1.6455e-01
155 400 3.4917e-01
156 10 3.7922e-01
156 129 4.0999e-01
157 28 5.7708e-01
157 52 4.1484e-01
158 6 4.4136e-01
158 12 3.1358e-01
158 455 1.8643e-01
159 3 4.6135e-01
159 43 3.6620e-01
159 185 3.5969e-01
159 366 3.0750e-01
159 405 4.2193e-01
160 38 2.9225e-01
160 122 3.4672e-01
160 230 2.1128e-01
160 233 4.9603e-01
160 254 2.6521e-01
160 274 5.1580e-01
160 317 2.2689e-01
160 330 4.2280e-01
161 37 4.8370e-01
161 52 2.7092e-01
162 8 3.2089e-01
162 50 3.6813e-02
162 220 5.4089e-01
162 438 4.4293e-01
163 6 4.5947e-01
163 43 2.9591e-01
164 1 3.7928e-01
164 19 3.2901e-01
165 11 3.2114e-01
165 134 4.1258e-01
165 225 3.3389e-01
165 291 3.2489e-01
165 336 2.6487e-01
165 435 1.0956e-01
166 55 4.0323e-01
166 65 2.3930e-01
166 218 2.7605e-01
166 283 2.0587e-01
166 304 2.8344e-01
167 10 2.3730e-01
167 35 5.4158e-01
167 239 3.5143e-01
167 390 2.5960e-01
168 18 2.0618e-01
168 144 1.8210e-01
168 201 2.5454e-01
169 1 4.7002e-01
169 38 4.1205e-03
169 254 2.7600e-01
169 279 3.3687e-01
170 23 4.7218e-01
170 76 2.4733e-01
171 16 3.8587e-01
171 125 5.4524e-01
171 286 3.6074e-01
171 348 2.2556e-01
172 5 1.6887e-01
172 38 4.2968e-01
173 115 2.5799e-01
173 134 4.9013e-01
173 430 3.6382e-01
174 52 1.4390e-01
174 66 7.8071e-02
174 244 1.0470e-01
175 10 9.4126e-02
175 83 4.2672e-01
175 298 3.6093e-01
175 326 3.8757e-01
175 478 1.3073e-02
176 103 2.7527e-01
176 137 3.8021e-01
176 450 2.1082e-01
177 9 3.0227e-01
177 13 1.9446e-01
177 397 4.3698e-01
177 404 3.9076e-01
177 448 1.3226e-01
177 449 3.9683e-01
178 8 1.8255e-01
178 51 3.8427e-01
179 1 2.6432e-01
179 74 1.6773e-01
180 12 3.7044e-01
180 132 2.7117e-01
180 244 2.1482e-01
180 309 1.9516e-01
180 393 1.9051e-01
180 449 4.8285e-01
181 1 2.9145e-01
181 103 2.3611e-01
181 192 4.1144e-01
182 10 3.4975e-01
182 29 3.8021e-01
182 220 3.6239e-01
182 313 2.1074e-02
182 338 1.9923e-01
182 367 3.1732e-01
182 377 3.1584e-01
183 2 5.6065e-01
183 35 3.2863e-01
183 319 6.1246e-01
183 327 5.4584e-01
184 28 2.5001e-01
184 78 6.9003e-01
184 263 5.4257e-01
185 17 2.8668e-01
185 159 3.5969e-01
186 6 6.1033e-02
186 88 3.8558e-01
186 278 4.5016e-01
187 8 2.8114e-01
187 25 3.1849e-01
187 251 2.9160e-01
187 257 5.0036e-01
188 49 4.5384e-01
188 68 4.8363e-01
188 343 3.8044e-01
189 6 3.1433e-01
189 65 4.0973e-01
190 1 3.2347e-01
190 18 1.3887e-01
190 252 2.6262e-01
191 81 2.7282e-01
191 129 1.2636e-01
191 287 4.3303e-01
191 344 3.5938e-01
192 100 3.7892e-01
192 181 4.1144e-01
193 1 2.4870e-01
193 107 5.5054e-01
194 1 7.3232e-02
194 5 2.0169e-01
195 1 3.9219e-01
195 23 2.9952e-01
196 71 3.2755e-01
196 112 3.9827e-01
196 252 3.2521e-01
197 52 1.3850e-01
197 127 6.2640e-02
197 235 1.5493e-01
197 364 2.3737e-01
198 1 3.4345e-01
198 25 5.4513e-02
199 66 3.1838e-01
199 78 1.7834e-01
200 6 2.0403e-01
200 95 2.4664e-01
201 1 1.4282e-01
201 168 2.5454e-01
201 333 5.0200e-01
202 66 3.9152e-01
202 134 3.5340e-01
202 221 5.3110e-01
202 391 2.5929e-01
202 432 2.7242e-01
203 29 2.8339e-01
203 103 5.7050e-02
204 44 4.0080e-01
204 59 2.5681e-01
204 213 4.9048e-01
204 256 3.7304e-01
204 445 1.1976e-01
204 495 2.4264e-01
205 16 3.0204e-01
205 56 4.9114e-01
205 324 2.1225e-01
205 371 2.1695e-01
206 63 4.8896e-01
206 150 3.4195e-01
207 35 6.5550e-01
207 81 4.6739e-01
208 62 9.5605e-02
208 71 2.2267e-01
208 463 1.8151e-01
209 132 1.5885e-01
209 145 2.8115e-01
210 30 3.2619e-01
210 45 3.4635e-01
210 309 2.4650e-01
210 409 2.4635e-01
211 1 3.1903e-01
211 49 1.2563e-01
211 366 5.4268e-01
212 25 2.9015e-01
212 73 3.1142e-01
213 62 1.8165e-01
213 204 4.9048e-01
213 288 7.7281e-02
213 470 2.4715e-01
214 18 2.8274e-01
214 151 1.9053e-01
215 1 3.7113e-01
215 3 3.0060e-01
216 8 3.6409e-01
216 92 2.5650e-01
217 74 4.7924e-01
217 130 3.5517e-01
217 348 3.1768e-01
217 427 3.0974e-01
218 146 3.4376e-01
218 166 2.7605e-01
218 476 2.2709e-01
219 9 3.3991e-01
219 61 5.1807e-01
220 162 5.4089e-01
220 182 3.6239e-01
220 374 2.5094e-01
221 127 3.1333e-01
221 202 5.3110e-01
221 340 1.2548e-01
222 3 3.9753e-01
222 6 3.3461e-01
223 1 5.2794e-01
223 88 1.8714e-01
223 431 3.2122e-01
224 29 3.8788e-02
224 136 8.0608e-02
224 238 5.5873e-01
224 312 3.9510e-01
224 345 1.8515e-01
225 16 1.6025e-01
225 165 3.3389e-01
226 25 5.5994e-01
226 34 4.8857e-01
226 492 4.2540e-01
227 27 2.4456e-01
227 56 3.7356e-01
227 285 3.0467e-01
227 447 3.7351e-01
228 15 2.0106e-01
228 132 5.3213e-01
229 69 5.7357e-01
229 104 9.0297e-02
230 107 2.9146e-01
230 160 2.1128e-01
231 12 3.6508e-01
231 66 1.4171e-01
231 332 3.1839e-01
232 6 2.8444e-01
232 138 2.1213e-01
232 303 3.6800e-01
233 1 3.2195e-01
233 160 4.9603e-01
233 283 5.7914e-01
233 419 4.1708e-01
234 5 2.6133e-01
234 56 3.0385e-01
234 237 2.9185e-01
235 88 3.0017e-01
235 197 1.5493e-01
235 236 3.0132e-01
236 87 3.1576e-01
236 235 3.0132e-01
236 272 1.7306e-01
236 355 2.7300e-01
236 488 2.8176e-01
237 46 5.9245e-01
237 234 2.9185e-01
238 88 1.1623e-01
238 224 5.5873e-01
239 117 1.7000e-01
239 167 3.5143e-01
239 243 1.4686e-01
239 249 3.4539e-01
239 445 1.1653e-01
240 10 2.9300e-01
240 21 1.9528e-01
240 284 4.9063e-01
241 40 4.2973e-01
241 62 3.6229e-01
242 45 5.2023e-01
242 148 1.5217e-01
242 316 3.6325e-01
243 61 4.4191e-01
243 239 1.4686e-01
244 174 1.0470e-01
244 180 2.1482e-01
245 26 2.3383e-01
245 59 1.3534e-01
245 410 4.6838e-01
246 14 4.4348e-01
246 18 2.2722e-01
247 78 1.9577e-01
247 84 3.1599e-01
248 45 4.1197e-01
248 82 2.3988e-01
248 292 4.3585e-01
248 297 4.1897e-02
249 8 1.1717e-01
249 239 3.4539e-01
249 321 5.7128e-01
249 351 4.1609e-01
250 21 2.7504e-01
250 23 1.0074e-01
250 369 5.2598e-01
251 8 5.4030e-01
251 187 2.9160e-01
251 298 4.1002e-01
252 190 2.6262e-01
252 196 3.2521e-01
253 42 5.4520e-01
253 59 4.2880e-01
253 345 3.0668e-01
253 360 4.0586e-01
253 398 2.3047e-01
254 160 2.6521e-01
254 169 2.7600e-01
254 314 5.5211e-01
254 317 3.7477e-01
254 322 4.0868e-01
255 8 5.0720e-01
255 17 4.1731e-01
256 67 2.6100e-01
256 204 3.7304e-01
256 315 7.5354e-02
256 359 5.0115e-01
257 137 5.9346e-01
257 187 5.0036e-01
257 335 3.0551e-01
258 1 1.0160e-01
258 117 1.9377e-01
258 353 1.8422e-01
259 1 3.1881e-01
259 113 2.2102e-01
259 285 4.2073e-01
260 29 3.0278e-01
260 62 2.5699e-01
261 12 3.8085e-01
261 66 2.3456e-01
262 107 1.9155e-01
262 138 8.7474e-02
262 289 2.4702e-01
262 492 2.8579e-01
263 107 4.1493e-01
263 184 5.4257e-01
264 49 3.2444e-01
264 90 2.8052e-01
265 71 2.5646e-01
265 78 1.7527e-01
266 1 4.3528e-01
266 146 1.1646e-01
267 22 2.0191e-01
267 34 2.1614e-01
268 8 2.8417e-01
268 93 5.6149e-01
268 357 2.4718e-01
269 37 2.7878e-01
269 62 5.0322e-01
270 7 2.3539e-01
270 77 3.6812e-01
271 18 3.1781e-01
271 19 2.5406e-01
271 436 2.8102e-01
272 1 2.2151e-01
272 236 1.7306e-01
273 13 3.1594e-01
273 151 1.8442e-01
274 7 4.6506e-01
274 160 5.1580e-01
275 63 3.3346e-01
275 87 4.3690e-01
276 21 5.3527e-01
276 61 1.2952e-01
276 351 3.8995e-01
277 1 1.1626e-01
277 38 2.1511e-01
278 22 6.5968e-01
278 186 4.5016e-01
279 12 4.9111e-01
279 169 3.3687e-01
280 3 2.5871e-02
280 4 4.4864e-01
280 376 2.7428e-01
280 419 7.8013e-01
280 453 1.7687e-01
281 7 7.0618e-02
281 154 2.6438e-01
282 14 3.1486e-01
282 136 3.5410e-01
282 324 2.4165e-01
282 451 1.6065e-01
283 166 2.0587e-01
283 233 5.7914e-01
283 500 3.4810e-01
284 16 2.9226e-01
284 240 4.9063e-01
285 227 3.0467e-01
285 259 4.2073e-01
286 25 8.8626e-02
286 171 3.6074e-01
286 295 3.3326e-01
286 379 4.3992e-01
286 385 6.7600e-01
287 10 2.8461e-01
287 191 4.3303e-01
287 485 5.5521e-01
288 138 2.9812e-01
288 213 7.7281e-02
288 322 2.6463e-01
288 425 2.1087e-01
288 457 2.9071e-01
289 8 2.4659e-01
289 262 2.4702e-01
289 369 3.1069e-01
290 46 4.3053e-01
290 87 8.1094e-03
290 379 1.1901e-01
290 426 1.6163e-01
291 5 1.8860e-01
291 165 3.2489e-01
291 464 3.1346e-01
292 16 5.1311e-01
292 248 4.3585e-01
293 36 4.2881e-01
293 46 3.3357e-01
293 437 3.1811e-01
293 484 3.0134e-01
294 4 2.7308e-01
294 138 3.8548e-01
294 316 3.5121e-01
294 321 1.2546e-01
295 35 3.6828e-01
295 286 3.3326e-01
295 462 2.7406e-01
296 6 2.5206e-01
296 54 7.0591e-02
297 56 3.0690e-01
297 248 4.1897e-02
298 175 3.6093e-01
298 251 4.1002e-01
298 464 5.2845e-01
298 486 3.4978e-01
299 8 2.3531e-01
299 35 1.3114e-01
300 72 1.7406e-01
300 132 3.1218e-01
300 368 2.4121e-01
301 9 1.1907e-01
301 64 1.0850e-01
302 9 2.3090e-02
302 63 5.4266e-01
303 38 4.4072e-01
303 232 3.6800e-01
304 6 5.2520e-01
304 166 2.8344e-01
305 14 1.9482e-01
305 43 1.0034e-01
305 472 1.5403e-01
306 5 2.3307e-01
306 88 1.3028e-01
307 34 1.9840e-01
307 114 3.2317e-01
308 64 1.2476e-01
308 69 2.9211e-01
309 180 1.9516e-01
309 210 2.4650e-01
310 18 2.2722e-01
310 138 2.7625e-01
311 20 1.9549e-01
311 150 9.3124e-02
312 1 2.9730e-01
312 224 3.9510e-01
312 323 2.1928e-01
313 73 5.4397e-01
313 182 2.1074e-02
313 347 4.9760e-01
313 421 4.2533e-01
314 6 1.6226e-01
314 254 5.5211e-01
315 11 2.2458e-01
315 256 7.5354e-02
316 242 3.6325e-01
316 294 3.5121e-01
317 160 2.2689e-01
317 254 3.7477e-01
318 84 4.6930e-01
318 137 3.0216e-01
319 126 1.6768e-01
319 183 6.1246e-01
320 13 3.5148e-01
320 56 4.8112e-02
321 249 5.7128e-01
321 294 1.2546e-01
321 384 3.8391e-01
321 408 5.3745e-01
322 254 4.0868e-01
322 288 2.6463e-01
322 354 2.8305e-01
322 412 2.1815e-01
323 18 5.0343e-01
323 312 2.1928e-01
324 205 2.1225e-01
324 282 2.4165e-01
324 414 2.0945e-01
324 488 3.4128e-01
325 11 3.8738e-01
325 52 2.6902e-01
326 65 2.0898e-01
326 175 3.8757e-01
326 459 1.6829e-01
327 25 1.8917e-01
327 183 5.4584e-01
328 36 4.3754e-01
328 115 2.5074e-01
328 375 2.9877e-01
329 13 3.6235e-01
329 60 2.5357e-01
329 455 3.8805e-01
330 20 4.3538e-01
330 160 4.2280e-01
331 1 3.1070e-01
331 138 1.7279e-01
331 381 1.9424e-01
332 99 2.8633e-01
332 231 3.1839e-01
333 5 2.8556e-01
333 201 5.0200e-01
333 420 2.1693e-01
334 1 3.7676e-01
334 6 1.7172e-01
335 24 8.2609e-02
335 257 3.0551e-01
335 342 8.4402e-02
335 452 4.7706e-01
336 119 4.6166e-01
336 165 2.6487e-01
336 415 4.4011e-01
337 66 1.7269e-01
337 137 2.2220e-01
337 394 2.9054e-01
338 27 1.5489e-02
338 182 1.9923e-01
339 45 4.2620e-01
339 63 3.8825e-01
340 59 2.3653e-01
340 221 1.2548e-01
340 363 5.0076e-01
341 11 4.1830e-01
341 37 3.9310e-01
342 14 3.7333e-01
342 335 8.4402e-02
342 349 4.2924e-01
342 416 3.4930e-01
343 129 2.5372e-02
343 188 3.8044e-01
344 43 2.4844e-01
344 191 3.5938e-01
345 224 1.8515e-01
345 253 3.0668e-01
345 412 3.2285e-01
346 99 3.7940e-01
346 126 2.9063e-01
347 54 2.7985e-01
347 313 4.9760e-01
348 171 2.2556e-01
348 217 3.1768e-01
349 1 1.1343e-01
349 342 4.2924e-01
349 370 3.8114e-01
349 490 5.0484e-01
350 18 2.5887e-01
350 81 1.5280e-01
351 249 4.1609e-01
351 276 3.8995e-01
351 433 4.4581e-01
351 471 3.1275e-01
351 483 1.1985e-01
352 1 9.0908e-02
352 69 3.9041e-01
353 21 3.4174e-01
353 258 1.8422e-01
354 97 4.5218e-01
354 322 2.8305e-01
354 496 3.0496e-01
355 108 1.6341e-01
355 236 2.7300e-01
356 62 2.5548e-01
356 78 5.1715e-01
356 368 1.7957e-01
356 442 2.0133e-01
357 26 2.0018e-01
357 268 2.4718e-01
358 38 4.2064e-01
358 93 4.9207e-01
359 93 4.4549e-01
359 256 5.0115e-01
359 436 4.7844e-01
360 9 6.8508e-02
360 253 4.0586e-01
361 35 3.1943e-01
361 119 2.7040e-01
362 69 8.9349e-02
362 100 1.4701e-01
363 113 1.7551e-01
363 340 5.0076e-01
364 89 5.1038e-01
364 197 2.3737e-01
364 480 4.5287e-01
365 10 2.6264e-01
365 67 3.1747e-01
366 159 3.0750e-01
366 211 5.4268e-01
367 146 2.4258e-01
367 182 3.1732e-01
367 389 4.3545e-01
368 300 2.4121e-01
368 356 1.7957e-01
369 250 5.2598e-01
369 289 3.1069e-01
370 11 2.8425e-01
370 349 3.8114e-01
370 404 2.9369e-01
371 30 5.4862e-01
371 205 2.1695e-01
372 36 3.3399e-01
372 61 3.3400e-01
373 97 2.7401e-01
373 114 2.2356e-01
374 8 2.5114e-01
374 220 2.5094e-01
375 30 3.3670e-01
375 328 2.9877e-01
376 37 4.2878e-01
376 280 2.7428e-01
376 403 4.5123e-01
376 413 2.9865e-01
377 10 3.1105e-01
377 182 3.1584e-01
378 1 1.1344e-01
378 18 2.8943e-01
378 381 4.4889e-01
379 286 4.3992e-01
379 290 1.1901e-01
380 87 3.2838e-01
380 105 3.4789e-01
380 431 2.5822e-01
381 331 1.9424e-01
381 378 4.4889e-01
382 75 3.3066e-01
382 140 2.1671e-01
382 425 8.3893e-03
383 36 4.0170e-01
383 140 4.2843e-01
383 493 2.3082e-01
384 137 4.3365e-01
384 321 3.8391e-01
385 1 1.4583e-01
385 286 6.7600e-01
386 1 3.7676e-01
386 81 4.1821e-01
387 45 3.5671e-01
387 105 3.3585e-01
387 456 5.3653e-01
387 499 3.6031e-01
388 6 2.8004e-01
388 42 1.3101e-01
389 8 2.1786e-01
389 367 4.3545e-01
390 78 8.7090e-02
390 167 2.5960e-01
390 453 2.3643e-01
391 103 2.6790e-01
391 202 2.5929e-01
392 18 3.2510e-01
392 137 1.1205e-01
392 458 2.9237e-01
393 8 3.0466e-01
393 180 1.9051e-01
394 9 4.3272e-01
394 337 2.9054e-01
395 65 4.7325e-01
395 154 2.9458e-01
395 407 1.9002e-01
396 4 3.8354e-01
396 135 4.6680e-01
396 460 3.7668e-01
397 30 2.9256e-01
397 177 4.3698e-01
398 1 3.8640e-01
398 253 2.3047e-01
399 71 2.5609e-01
399 103 3.4158e-01
400 6 2.8043e-01
400 155 3.4917e-01
401 25 3.2887e-01
401 54 3.9598e-01
401 498 2.8503e-01
402 1 4.8409e-01
402 43 1.2527e-01
403 16 2.4601e-01
403 376 4.5123e-01
404 177 3.9076e-01
404 370 2.9369e-01
405 93 6.3610e-01
405 159 4.2193e-01
406 84 5.1845e-01
406 145 2.3925e-01
407 142 3.8150e-01
407 395 1.9002e-01
408 1 3.1684e-01
408 321 5.3745e-01
409 22 3.3007e-01
409 210 2.4635e-01
410 125 1.1095e-01
410 245 4.6838e-01
411 10 3.8652e-01
411 43 3.0298e-01
412 322 2.1815e-01
412 345 3.2285e-01
413 61 4.9208e-01
413 376 2.9865e-01
414 5 3.0417e-01
414 324 2.0945e-01
415 38 4.7505e-01
415 336 4.4011e-01
415 491 1.8556e-01
416 56 2.7632e-01
416 342 3.4930e-01
416 467 1.7886e-01
417 6 1.8821e-01
417 61 2.6576e-01
418 35 2.4764e-01
418 151 4.9369e-01
419 233 4.1708e-01
419 280 7.8013e-01
420 18 3.5314e-01
420 333 2.1693e-01
421 26 3.8300e-01
421 313 4.2533e-01
422 3 4.7786e-01
422 26 3.2542e-01
423 99 4.0376e-01
423 118 4.3691e-01
424 1 4.0641e-01
424 100 2.9902e-01
425 288 2.1087e-01
425 382 8.3893e-03
426 3 3.8216e-01
426 290 1.6163e-01
427 44 3.9325e-01
427 217 3.0974e-01
428 100 4.2514e-02
428 103 1.7257e-01
429 11 5.8670e-01
429 125 1.3587e-01
430 45 1.9292e-01
430 173 3.6382e-01
431 223 3.2122e-01
431 380 2.5822e-01
431 475 3.7907e-01
432 45 3.6551e-01
432 202 2.7242e-01
433 137 1.3991e-01
433 351 4.4581e-01
433 480 4.3130e-01
434 1 3.1841e-01
434 8 1.9403e-01
435 86 4.0347e-01
435 165 1.0956e-01
436 271 2.8102e-01
436 359 4.7844e-01
437 129 3.6259e-01
437 293 3.1811e-01
438 37 3.3746e-01
438 162 4.4293e-01
439 6 5.5000e-01
439 107 3.2270e-01
440 3 9.3078e-02
440 103 2.5688e-01
441 46 8.7681e-02
441 78 5.7438e-01
442 1 7.7435e-02
442 356 2.0133e-01
443 63 2.9955e-01
443 151 1.0901e-01
444 71 3.1159e-01
444 91 2.5773e-01
445 204 1.1976e-01
445 239 1.1653e-01
446 6 4.0870e-01
446 56 4.0870e-01
447 64 4.5656e-01
447 227 3.7351e-01
448 110 2.6266e-01
448 177 1.3226e-01
449 177 3.9683e-01
449 180 4.8285e-01
450 7 2.4530e-01
450 176 2.1082e-01
451 63 3.5768e-01
451 282 1.6065e-01
452 34 5.0466e-01
452 335 4.7706e-01
453 280 1.7687e-01
453 390 2.3643e-01
454 10 6.0219e-01
454 37 1.8900e-01
455 158 1.8643e-01
455 329 3.8805e-01
456 8 2.1750e-01
456 387 5.3653e-01
457 7 3.2406e-01
457 288 2.9071e-01
458 47 4.9038e-01
458 392 2.9237e-01
459 3 4.1038e-01
459 326 1.6829e-01
460 18 2.4342e-01
460 396 3.7668e-01
461 27 5.5797e-01
461 30 6.0006e-01
462 43 2.0307e-01
462 295 2.7406e-01
463 95 1.1317e-01
463 208 1.8151e-01
464 291 3.1346e-01
464 298 5.2845e-01
465 8 4.7468e-01
465 62 2.4174e-01
466 56 3.3154e-01
466 66 3.9237e-01
467 132 3.6536e-01
467 416 1.7886e-01
468 4 1.1528e-01
468 57 1.4856e-01
469 6 2.9536e-01
469 145 1.1144e-01
470 18 2.6626e-01
470 213 2.4715e-01
471 5 1.9020e-01
471 351 3.1275e-01
472 90 3.4193e-01
472 305 1.5403e-01
473 58 2.8600e-01
473 78 3.3019e-01
474 2 3.8673e-01
474 52 4.2720e-01
474 479 3.9273e-01
475 78 1.9183e-01
475 431 3.7907e-01
476 7 2.1932e-01
476 218 2.2709e-01
477 87 3.5764e-01
477 146 3.6819e-01
478 1 2.2602e-01
478 175 1.3073e-02
479 120 4.8350e-01
479 474 3.9273e-01
480 364 4.5287e-01
480 433 4.3130e-01
481 18 2.9644e-01
481 150 4.9855e-01
482 6 2.3107e-01
482 7 4.4098e-01
483 35 3.3204e-01
483 351 1.1985e-01
484 125 2.2290e-01
484 293 3.0134e-01
485 69 4.1562e-01
485 287 5.5521e-01
486 125 2.1750e-02
486 298 3.4978e-01
487 63 1.7496e-01
487 132 1.8183e-01
488 236 2.8176e-01
488 324 3.4128e-01
488 491 3.2613e-01
489 8 3.0724e-01
489 14 2.5391e-01
490 8 4.4868e-01
490 349 5.0484e-01
491 415 1.8556e-01
491 488 3.2613e-01
492 226 4.2540e-01
492 262 2.8579e-01
493 61 3.2477e-01
493 383 2.3082e-01
494 37 3.6511e-01
494 50 3.1962e-01
495 1 3.7460e-01
495 204 2.4264e-01
496 34 1.0648e-01
496 354 3.0496e-01
497 52 4.4329e-01
497 63 6.2425e-01
498 36 2.8641e-01
498 401 2.8503e-01
499 59 1.0505e-01
499 387 3.6031e-01
500 91 4.4580e-01
500 283 3.4810e-01
